A = [0.9256 0.2427 0.2904 0.9797; 0.2863 0.9508 0.1181 0.7888; -0.2474 0.1925 0.9496 1.3115; 0 0 0 1]
B = [0.9890 0.0998 0.1092 0.4004;  0.0992 0.9950 0.0110 0.1555; -0.1098 0 0.9940 0; 0 0 0 1]

pos_a = [0.97 -0.78 1.311]
pos_b = [0.40 0.15 0]


test = A - B
% qpos = mstraj(@lspb, pos_a, pos_b)
% plot(qpos)